Mouse.ID	Microbiota 	Diet	Gender	Genotype	Age.on.day.zero	Whole.gut.transit.time	Interval.between.FITC.gavage.and.euthanasia	Geometric.mean.of.fluorescence	Stomach.gut.segment.1	SI-1.gut.segment.2	SI-2.gut.segment.3	SI-3.gut.segment.4	SI-4.gut.segment.5	SI-5.gut.segment.6	SI-6.gut.segment.7	SI-7.gut.segment.8	SI-8.gut.segment.9	Cecum.gut.segment.10	Proximal.colon.gut.segment.11	Distal.colon.gut.segment.12
E6G1M4	GF	Turmeric	Female	Swiss-Webster wild-type	45	5.70	2	5.09	0.0157	0.0101	0.0140	0.0334	0.7334	0.1728	0.0054	0.0083	0.0000	0.0053	0.0012	0.0004
E6G1M3	GF	Turmeric	Female	Swiss-Webster wild-type	45	5.60	2	5.27	0.0421	0.0037	0.0042	0.1852	0.2538	0.4439	0.0386	0.0065	0.0130	0.0062	0.0020	0.0009
E6G5M4	GF	Bland	Female	Swiss-Webster wild-type	53	5.50	2	5.32	0.0139	0.0021	0.0032	0.1958	0.2598	0.5018	0.0070	0.0057	0.0031	0.0060	0.0013	0.0003
E7G2M1	GF	Turmeric	Male	C57BL/6 wild-type	47	8.07	2	5.48	0.0066	0.0068	0.0006	0.0426	0.5484	0.2731	0.1047	0.0031	0.0006	0.0103	0.0027	0.0006
E11G6M2	GF	Turmeric	Male	C57BL/6 Ret+/-	53	9.83	2	5.83	0.0030	0.0062	0.0006	0.0392	0.0995	0.8362	0.0029	0.0026	0.0000	0.0051	0.0032	0.0014
E7G2M2	GF	Turmeric	Male	C57BL/6 wild-type	47	8.03	2	5.98	0.0007	0.0028	0.0201	0.0024	0.0151	0.9357	0.0048	0.0047	0.0009	0.0101	0.0018	0.0009
E6G5M2	GF	Bland	Male	Swiss-Webster wild-type	49	5.32	2	6.23	0.0044	0.0074	0.0204	0.0449	0.1382	0.2480	0.5233	0.0021	0.0011	0.0081	0.0022	0.0000
E11G7M1	GF	Turmeric	Female	C57BL/6 Ret+/-	53	8.33	2	6.24	0.0458	0.0039	0.0063	0.0279	0.0639	0.3898	0.3404	0.1046	0.0044	0.0085	0.0029	0.0017
E11G6M1	GF	Turmeric	Male	C57BL/6 Ret+/-	63	9.02	2	6.47	0.0009	0.0021	0.0006	0.0625	0.0389	0.2785	0.6043	0.0027	0.0003	0.0075	0.0012	0.0003
E11G7M2	GF	Turmeric	Female	C57BL/6 Ret+/-	53	8.65	2	6.55	0.0193	0.0032	0.0238	0.0509	0.0045	0.3247	0.3453	0.2094	0.0093	0.0063	0.0021	0.0012
E6G5M1	GF	Bland	Male	Swiss-Webster wild-type	49	5.32	2	6.59	0.0542	0.0189	0.0217	0.0037	0.1436	0.1387	0.0988	0.5140	0.0003	0.0047	0.0014	0.0000
E7G2M4	GF	Turmeric	Female	C57BL/6 wild-type	89	8.07	2	6.70	0.0007	0.0017	0.0070	0.0098	0.1299	0.0346	0.7633	0.0474	0.0010	0.0013	0.0026	0.0007
E7G2M3	GF	Turmeric	Female	C57BL/6 wild-type	89	8.07	2	6.74	0.0003	0.0003	0.0012	0.0063	0.1194	0.0485	0.7902	0.0230	0.0027	0.0059	0.0014	0.0009
E3G1M2	GF	Turmeric	Male	Swiss-Webster wild-type	48	NA	2	6.77	0.0241	0.0031	0.0001	0.0582	0.0474	0.2263	0.2682	0.3213	0.0484	0.0026	0.0003	0.0000
E6G5M3	GF	Bland	Female	Swiss-Webster wild-type	53	5.52	2	6.82	0.0011	0.0004	0.0009	0.0205	0.0015	0.1946	0.7116	0.0573	0.0043	0.0058	0.0020	0.0000
E3G1M1	GF	Turmeric	Male	Swiss-Webster wild-type	48	NA	2	6.91	0.0604	0.0016	0.0028	0.0081	0.0158	0.0926	0.3939	0.4179	0.0000	0.0061	0.0006	0.0000
E6G1M1	GF	Turmeric	Male	Swiss-Webster wild-type	45	4.75	2	7.44	0.0166	0.0027	0.0017	0.0244	0.0060	0.0606	0.2565	0.5736	0.0490	0.0029	0.0059	0.0000
E6G1M2	GF	Turmeric	Male	Swiss-Webster wild-type	45	4.63	2	7.77	0.0007	0.0000	0.0004	0.0035	0.0054	0.0510	0.2526	0.5682	0.0869	0.0224	0.0061	0.0028
E3G1M3	GF	Turmeric	Female	Swiss-Webster wild-type	48	NA	2	8.11	0.0001	0.0008	0.0005	0.0105	0.0002	0.0549	0.0102	0.6447	0.2779	0.0002	0.0000	0.0000
E3G1M4	GF	Turmeric	Female	Swiss-Webster wild-type	48	NA	2	8.28	0.0000	0.0000	0.0000	0.0000	0.0021	0.0110	0.1193	0.4364	0.4303	0.0009	0.0000	0.0000
E6G6M2	BSH-low-2	Turmeric	Male	Swiss-Webster wild-type	45	6.07	2	7.32	0.0238	0.0009	0.0018	0.0036	0.0556	0.0885	0.1794	0.6287	0.0008	0.0147	0.0018	0.0003
E3G2M3	BSH-low-1	Turmeric	Female	Swiss-Webster wild-type	49	NA	2	7.49	0.0004	0.0069	0.0071	0.0000	0.0239	0.0379	0.2918	0.6242	0.0056	0.0017	0.0004	0.0000
E6G6M1	BSH-low-2	Turmeric	Male	Swiss-Webster wild-type	45	5.08	2	7.72	0.0228	0.0058	0.0212	0.0003	0.0039	0.0927	0.0067	0.6418	0.1832	0.0189	0.0027	0.0000
E4G2M2	BSH-low-1	Bland-->Turmeric	Male	Swiss-Webster wild-type	50	Bland: 2.93; Turmeric: 2.93	2	7.74	0.0844	0.0052	0.0062	0.0181	0.0551	0.0542	0.1113	0.1288	0.2596	0.2381	0.0390	0.0000
E15G3M3	BSH-low-2	Turmeric	Female	C57BL/6 wild-type	93	5.03	2	7.88	0.0031	0.0000	0.0003	0.0668	0.0132	0.2518	0.0376	0.0028	0.5151	0.0934	0.0146	0.0014
E18G2M3	BSH-low-1	Turmeric	Female	C57BL/6 wild-type	43	4.93	2	7.90	0.0179	0.0000	0.0000	0.0008	0.0006	0.0626	0.3859	0.0066	0.5097	0.0134	0.0020	0.0006
E4G2M1	BSH-low-1	Bland-->Turmeric	Male	Swiss-Webster wild-type	50	Bland: 3.12; Turmeric: 3.02	2	7.96	0.0887	0.0038	0.0190	0.0225	0.0525	0.0033	0.0178	0.1272	0.4235	0.1780	0.0637	0.0000
E18G1M2	BSH-low-1	Turmeric	Male	C57BL/6 wild-type	42	5.98	2	7.98	0.0404	0.0034	0.0090	0.0028	0.0252	0.0143	0.2687	0.1633	0.2929	0.1206	0.0580	0.0013
E4G2M3	BSH-low-1	Bland-->Turmeric	Male	Swiss-Webster wild-type	50	Bland: 2.92; Turmeric: 2.60	2	8.04	0.0132	0.0018	0.0147	0.0138	0.0002	0.0808	0.0386	0.3983	0.4050	0.0297	0.0039	0.0000
E15G1M3	BSH-low-2	Turmeric	Male	C57BL/6 wild-type	91	5.53	2	8.12	0.0019	0.0000	0.0000	0.0102	0.0116	0.2652	0.0017	0.0149	0.6629	0.0163	0.0152	0.0000
E6G6M4	BSH-low-2	Turmeric	Female	Swiss-Webster wild-type	45	5.27	2	8.18	0.0029	0.0000	0.0003	0.0071	0.0005	0.0018	0.1842	0.4016	0.3910	0.0078	0.0018	0.0008
E15G3M4	BSH-low-2	Turmeric	Female	C57BL/6 wild-type	93	5.07	2	8.29	0.0003	0.0000	0.0000	0.0010	0.0088	0.1226	0.1088	0.0888	0.6647	0.0029	0.0017	0.0002
E18G2M4	BSH-low-1	Turmeric	Female	C57BL/6 wild-type	43	4.85	2	8.42	0.0075	0.0007	0.0032	0.0025	0.0025	0.0143	0.1111	0.2330	0.6080	0.0133	0.0036	0.0002
E15G1M2	BSH-low-2	Turmeric	Male	C57BL/6 wild-type	91	5.47	2	8.45	0.0000	0.0000	0.0020	0.0027	0.0020	0.0122	0.5021	0.0054	0.0027	0.4153	0.0548	0.0007
E6G6M3	BSH-low-2	Turmeric	Female	Swiss-Webster wild-type	45	6.03	2	8.49	0.0034	0.0000	0.0001	0.0000	0.0041	0.0193	0.0432	0.3404	0.5716	0.0125	0.0054	0.0000
E3G2M4	BSH-low-1	Turmeric	Female	Swiss-Webster wild-type	49	Not measured	2	8.62	0.0000	0.0011	0.0000	0.0000	0.0004	0.0533	0.0463	0.1235	0.7753	0.0000	0.0002	0.0000
E15G3M1	BSH-low-2	Turmeric	Female	C57BL/6 wild-type	93	5.25	2	8.72	0.0065	0.0009	0.0025	0.0078	0.0019	0.0641	0.0022	0.0974	0.7054	0.0915	0.0197	0.0000
E3G2M2	BSH-low-1	Turmeric	Male	Swiss-Webster wild-type	49	Not measured	2	8.86	0.0105	0.0069	0.0054	0.0016	0.0283	0.0517	0.0794	0.1112	0.2518	0.3392	0.1139	0.0000
E3G2M1	BSH-low-1	Turmeric	Male	Swiss-Webster wild-type	49	Not measured	2	8.96	0.0039	0.0077	0.0022	0.0000	0.0140	0.0301	0.0117	0.1999	0.3818	0.2726	0.0741	0.0020
E15G1M1	BSH-low-2	Turmeric	Male	C57BL/6 wild-type	91	5.22	2	8.97	0.0238	0.0000	0.0127	0.0207	0.0041	0.0024	0.0648	0.0785	0.2681	0.4856	0.0324	0.0070
E28G3M1	BSH-low-1	Turmeric	Male	C57BL/6 wild-type	70	4.53	2	9.24	0.0000	0.0000	0.0000	0.0029	0.0058	0.0404	0.0337	0.3479	0.0049	0.3135	0.2510	0.0000
E13G2M3	BSH-low-2	Turmeric	Female	Swiss-Webster wild-type	36	5.05	4	9.83	0.0081	0.0005	0.0062	0.0186	0.0232	0.0024	0.0199	0.0341	0.1047	0.3790	0.3848	0.0186
E13G2M1	BSH-low-2	Turmeric	Female	Swiss-Webster wild-type	36	5.20	4	10.23	0.0000	0.0000	0.0013	0.0058	0.0005	0.0019	0.0080	0.0141	0.0565	0.5269	0.3768	0.0081
E13G2M4	BSH-low-2	Turmeric	Female	Swiss-Webster wild-type	36	5.00	4	10.23	0.0000	0.0010	0.0000	0.0028	0.0028	0.0030	0.0131	0.0218	0.0696	0.4541	0.4266	0.0051
E13G2M2	BSH-low-2	Turmeric	Female	Swiss-Webster wild-type	36	5.13	4	10.42	0.0000	0.0003	0.0003	0.0008	0.0005	0.0029	0.0008	0.0064	0.0134	0.4998	0.4743	0.0005
E4G2M4	BSH-low-1	Bland-->Turmeric	Male	Swiss-Webster wild-type	50	Bland: 2.87 **	N/A	NA	NA											
E6G2M3	BSH-high-1	Turmeric	Female	Swiss-Webster wild-type	45	4.17	2	5.70	0.0579	0.0083	0.0205	0.0698	0.2009	0.2453	0.3776	0.0187	0.0000	0.0000	0.0005	0.0005
E11G5M1	BSH-high-2	Turmeric	Female	C57BL/6 wild-type	55	4.78	2	6.62	0.0003	0.0003	0.0001	0.0010	0.0016	0.3941	0.5945	0.0011	0.0005	0.0047	0.0010	0.0007
E18G3M5	BSH-high-1	Turmeric	Male	C57BL/6 wild-type	49	3.88	2	6.96	0.0000	0.0002	0.0009	0.0048	0.0186	0.6441	0.0045	0.0060	0.3122	0.0038	0.0022	0.0027
E7G1M3	BSH-high-2	Turmeric	Female	C57BL/6 wild-type	46	4.67	2	7.09	0.0021	0.0000	0.0000	0.0027	0.0148	0.0047	0.8988	0.0182	0.0512	0.0058	0.0010	0.0008
E6G2M1	BSH-high-1	Turmeric	Male	Swiss-Webster wild-type	45	2.78	2	7.25	0.0847	0.0117	0.0309	0.0047	0.0004	0.0712	0.1002	0.3981	0.2731	0.0194	0.0042	0.0013
E6G7M3	BSH-high-2	Turmeric	Female	Swiss-Webster wild-type	45	4.45	2	7.43	0.0090	0.0004	0.0023	0.0107	0.0215	0.0754	0.2592	0.6125	0.0006	0.0031	0.0028	0.0022
E7G1M5	BSH-high-2	Turmeric	Female	C57BL/6 wild-type	46	4.60	2	7.75	0.0006	0.0000	0.0000	0.0386	0.0296	0.0009	0.0151	0.9040	0.0081	0.0023	0.0009	0.0000
E6G2M4	BSH-high-1	Turmeric	Female	Swiss-Webster wild-type	45	4.15	2	7.75	0.0268	0.0002	0.0010	0.0096	0.0052	0.1024	0.0627	0.5350	0.2494	0.0058	0.0013	0.0006
E6G7M2	BSH-high-2	Turmeric	Male	Swiss-Webster wild-type	51	4.12	2	7.85	0.0034	0.0008	0.0004	0.0166	0.0004	0.0030	0.0899	0.8626	0.0073	0.0099	0.0053	0.0004
E6G7M1	BSH-high-2	Turmeric	Male	Swiss-Webster wild-type	51	3.80	2	7.85	0.0191	0.0063	0.0210	0.0000	0.0303	0.0013	0.0924	0.5372	0.2743	0.0135	0.0043	0.0003
E4G1M4	BSH-high-1	Bland-->Turmeric	Male	Swiss-Webster wild-type	49	Bland: 2.72; Turmeric: 2.08	2	7.86	0.0148	0.0014	0.0000	0.0275	0.0231	0.1162	0.0938	0.2467	0.4748	0.0017	0.0000	0.0000
E18G3M3	BSH-high-1	Turmeric	Male	C57BL/6 wild-type	49	4.27	2	7.86	0.0000	0.0000	0.0011	0.0075	0.0041	0.3917	0.0064	0.0079	0.4965	0.0493	0.0347	0.0007
E6G2M2	BSH-high-1	Turmeric	Male	Swiss-Webster wild-type	45	3.23	2	7.90	0.0088	0.0010	0.0075	0.0014	0.0465	0.0092	0.0658	0.6558	0.1750	0.0264	0.0014	0.0012
E6G7M4	BSH-high-2	Turmeric	Female	Swiss-Webster wild-type	45	4.53	2	7.91	0.0143	0.0003	0.0000	0.0094	0.0002	0.0289	0.1223	0.5991	0.2190	0.0043	0.0022	0.0000
E4G1M3	BSH-high-1	Bland-->Turmeric	Male	Swiss-Webster wild-type	49	Bland: 2.88; Turmeric: 2.10	2	8.00	0.0467	0.0057	0.0127	0.0046	0.0167	0.0737	0.0879	0.0361	0.7038	0.0109	0.0010	0.0003
E3G3M1	BSH-high-1	Turmeric	Male	Swiss-Webster wild-type	50	NA	2	8.13	0.0434	0.0036	0.0076	0.0233	0.0239	0.1192	0.0292	0.1475	0.3310	0.2193	0.0515	0.0004
E18G3M4	BSH-high-1	Turmeric	Male	C57BL/6 wild-type	49	4.30	2	8.17	0.0000	0.0004	0.0007	0.0033	0.0106	0.0606	0.2923	0.0189	0.5978	0.0114	0.0030	0.0011
E3G3M4	BSH-high-1	Turmeric	Female	Swiss-Webster wild-type	50	NA	2	8.17	0.0552	0.0029	0.0000	0.0180	0.0011	0.0659	0.0162	0.1709	0.5435	0.1260	0.0004	0.0000
E7G1M4	BSH-high-2	Turmeric	Female	C57BL/6 wild-type	46	4.93	2	8.28	0.0000	0.0002	0.0045	0.0031	0.0092	0.0437	0.1456	0.2190	0.5707	0.0026	0.0007	0.0007
E3G3M2	BSH-high-1	Turmeric	Male	Swiss-Webster wild-type	50	NA	2	8.30	0.0361	0.0033	0.0006	0.0112	0.0376	0.1180	0.0331	0.1328	0.3160	0.2456	0.0644	0.0013
E3G3M3	BSH-high-1	Turmeric	Female	Swiss-Webster wild-type	50	NA	2	8.40	0.0283	0.0000	0.0000	0.0049	0.0145	0.0462	0.0743	0.0025	0.8269	0.0014	0.0008	0.0002
E18G4M3	BSH-high-1	Turmeric	Female	C57BL/6 wild-type	50	4.30	2	8.56	0.0000	0.0003	0.0002	0.0003	0.0023	0.0111	0.0179	0.3700	0.5868	0.0052	0.0059	0.0000
E7G1M2	BSH-high-2	Turmeric	Male	C57BL/6 wild-type	88	5.05	2	8.74	0.0000	0.0005	0.0000	0.0064	0.1188	0.0991	0.0304	0.0163	0.2167	0.4004	0.1101	0.0014
E11G4M1	BSH-high-2	Turmeric	Male	C57BL/6 wild-type	55	4.82	2	8.78	0.0000	0.0002	0.0010	0.0016	0.0014	0.0278	0.0066	0.1100	0.8470	0.0032	0.0010	0.0002
E7G1M1	BSH-high-2	Turmeric	Male	C57BL/6 wild-type	88	4.68	2	8.83	0.0006	0.0006	0.0000	0.0029	0.0313	0.0083	0.0053	0.3362	0.2653	0.3462	0.0018	0.0015
E4G1M1	BSH-high-1	Bland-->Turmeric	Male	Swiss-Webster wild-type	49	Bland: 2.97; Turmeric: 2.33	2	8.91	0.0074	0.0009	0.0019	0.0000	0.0064	0.0233	0.0073	0.0848	0.7563	0.0517	0.0493	0.0107
E4G1M2	BSH-high-1	Bland-->Turmeric	Male	Swiss-Webster wild-type	49	Bland: 2.87; Turmeric: 2.20	2	9.52	0.0055	0.0021	0.0004	0.0205	0.0004	0.0214	0.0067	0.0801	0.1043	0.6828	0.0706	0.0052
E13G1M4	BSH-high-2	Turmeric	Female	Swiss-Webster wild-type	49	4.20	4	8.73	0.0262	0.0015	0.0218	0.0015	0.0018	0.0809	0.0531	0.0266	0.3673	0.3637	0.0557	0.0000
E13G1M5	BSH-high-2	Turmeric	Female	Swiss-Webster wild-type	49	4.67	4	9.54	0.0000	0.0015	0.0025	0.0015	0.0050	0.0025	0.0199	0.0349	0.3613	0.4681	0.1022	0.0005
E13G1M3	BSH-high-2	Turmeric	Female	Swiss-Webster wild-type	49	4.20	4	9.76	0.0027	0.0000	0.0014	0.0028	0.0048	0.0191	0.0048	0.0468	0.1164	0.6711	0.1231	0.0069
E13G1M2	BSH-high-2	Turmeric	Female	Swiss-Webster wild-type	49	4.28	4	10.22	0.0030	0.0010	0.0006	0.0048	0.0010	0.0093	0.0267	0.0088	0.0543	0.5437	0.2141	0.1328
E13G1M1	BSH-high-2	Turmeric	Female	Swiss-Webster wild-type	49	4.23	4	10.32	0.0000	0.0000	0.0000	0.0004	0.0000	0.0074	0.0004	0.0049	0.0072	0.7126	0.1603	0.1068
E6G4M2	SPF	Turmeric	Male	Swiss-Webster wild-type	45	2.52	2	8.52	0.0390	0.0067	0.0011	0.0528	0.0011	0.0850	0.0058	0.2450	0.1153	0.2348	0.2128	0.0006
E6G4M4	SPF	Turmeric	Female	Swiss-Webster wild-type	43	3.27	2	8.68	0.0341	0.0017	0.0007	0.0010	0.0014	0.0747	0.0776	0.2538	0.0050	0.4938	0.0553	0.0010
E6G4M1	SPF	Turmeric	Male	Swiss-Webster wild-type	45	2.52	2	9.72	0.0234	0.0010	0.0009	0.0018	0.0125	0.0107	0.0554	0.0063	0.2163	0.2415	0.4058	0.0245
E6G4M3	SPF	Turmeric	Female	Swiss-Webster wild-type	43	2.65	2	9.74	0.0129	0.0000	0.0026	0.0026	0.0135	0.0004	0.0326	0.0317	0.1111	0.5651	0.2250	0.0024
E6G3M4	BSH-low-1 + BSH-high-1	Turmeric	Female	Swiss-Webster wild-type	46	4.72	2	4.39	0.0340	0.0562	0.3221	0.2045	0.0304	0.2247	0.0861	0.0323	0.0004	0.0043	0.0041	0.0009
E3G4M4	BSH-low-1 + BSH-high-1	Turmeric	Female	Swiss-Webster wild-type	51	NA	2	5.65	0.1595	0.0053	0.0401	0.0728	0.0002	0.3334	0.0877	0.2612	0.0362	0.0026	0.0009	0.0002
E3G4M3	BSH-low-1 + BSH-high-1	Turmeric	Female	Swiss-Webster wild-type	51	NA	2	6.74	0.0642	0.0086	0.0084	0.0000	0.0940	0.0014	0.4939	0.2708	0.0560	0.0020	0.0008	0.0000
E3G5M3	BSH-low-1 + BSH-high-1	Turmeric-->Bland	Female	Swiss-Webster wild-type	52	NA	2	6.78	0.0144	0.0015	0.0188	0.0160	0.0004	0.2657	0.5588	0.0113	0.0902	0.0150	0.0078	0.0000
E6G3M2	BSH-low-1 + BSH-high-1	Turmeric	Male	Swiss-Webster wild-type	46	4.00	2	7.16	0.0000	0.0039	0.0486	0.0216	0.0476	0.0978	0.2023	0.5346	0.0406	0.0013	0.0013	0.0005
E3G7M2	BSH-low-1 + BSH-high-1	Bland	Male	Swiss-Webster wild-type	56	NA	2	7.20	0.0552	0.0086	0.0057	0.0463	0.0478	0.1284	0.3145	0.0005	0.2786	0.0514	0.0628	0.0000
E3G6M4	BSH-low-1 + BSH-high-1	Bland-->Turmeric	Female	Swiss-Webster wild-type	55	NA	2	7.33	0.0018	0.0002	0.0020	0.0003	0.0058	0.0364	0.7796	0.0009	0.1392	0.0105	0.0232	0.0000
E3G4M2	BSH-low-1 + BSH-high-1	Turmeric	Male	Swiss-Webster wild-type	51	NA	2	7.36	0.0222	0.0016	0.0000	0.0183	0.0150	0.3459	0.0005	0.2633	0.3284	0.0033	0.0015	0.0000
E3G5M1	BSH-low-1 + BSH-high-1	Turmeric-->Bland	Male	Swiss-Webster wild-type	52	NA	2	7.91	0.0444	0.0000	0.0001	0.0172	0.0502	0.0226	0.0032	0.4734	0.3008	0.0738	0.0144	0.0000
E3G6M2	BSH-low-1 + BSH-high-1	Bland-->Turmeric	Male	Swiss-Webster wild-type	55	NA	2	8.03	0.0148	0.0013	0.0000	0.0047	0.0561	0.0585	0.0681	0.2986	0.4845	0.0097	0.0036	0.0000
E3G4M1	BSH-low-1 + BSH-high-1	Turmeric	Male	Swiss-Webster wild-type	51	NA	2	8.12	0.0248	0.0045	0.0092	0.0000	0.0422	0.0083	0.1416	0.4568	0.0456	0.1974	0.0691	0.0005
E3G5M4	BSH-low-1 + BSH-high-1	Turmeric-->Bland	Female	Swiss-Webster wild-type	52	NA	2	8.32	0.0196	0.0015	0.0000	0.0003	0.0131	0.0251	0.1251	0.1345	0.6779	0.0022	0.0004	0.0003
E6G3M3	BSH-low-1 + BSH-high-1	Turmeric	Female	Swiss-Webster wild-type	46	3.92	2	8.51	0.0000	0.0014	0.0009	0.0003	0.0048	0.0640	0.0091	0.2888	0.5914	0.0344	0.0047	0.0003
E6G3M1	BSH-low-1 + BSH-high-1	Turmeric	Male	Swiss-Webster wild-type	46	4.47	2	8.52	0.0038	0.0003	0.0054	0.0054	0.0482	0.0255	0.0278	0.2453	0.4924	0.1093	0.0359	0.0007
E3G6M3	BSH-low-1 + BSH-high-1	Bland-->Turmeric	Female	Swiss-Webster wild-type	55	NA	2	8.54	0.0142	0.0007	0.0026	0.0001	0.0034	0.0425	0.0022	0.2375	0.6592	0.0145	0.0230	0.0000
E3G6M1	BSH-low-1 + BSH-high-1	Bland-->Turmeric	Male	Swiss-Webster wild-type	55	NA	2	9.09	0.0144	0.0015	0.0038	0.0030	0.0055	0.0248	0.0570	0.1948	0.1897	0.3579	0.1453	0.0023
E3G7M3	BSH-low-1 + BSH-high-1	Bland	Male	Swiss-Webster wild-type	56	NA	2	9.25	0.0018	0.0003	0.0000	0.0032	0.0126	0.0006	0.0620	0.1714	0.2944	0.2788	0.1701	0.0048
E3G7M1	BSH-low-1 + BSH-high-1	Bland	Male	Swiss-Webster wild-type	56	NA	2	9.32	0.0172	0.0005	0.0026	0.0046	0.0089	0.0390	0.0332	0.0313	0.2494	0.4822	0.1294	0.0017
E3G5M2	BSH-low-1 + BSH-high-1	Turmeric-->Bland	Male	Swiss-Webster wild-type	52	NA	2	9.35	0.0261	0.0011	0.0000	0.0109	0.0485	0.0002	0.0199	0.0736	0.1535	0.4618	0.1441	0.0604
E18G1M1	BSH-low-1	Turmeric	Male	C57BL/6 Ret+/-	42	4.52	2	7.40	0.0006	0.0000	0.0018	0.0010	0.0266	0.0237	0.4831	0.4509	0.0007	0.0095	0.0020	0.0002
E18G2M1	BSH-low-1	Turmeric	Female	C57BL/6 Ret+/-	43	4.85	2	7.60	0.0045	0.0005	0.0042	0.0002	0.0484	0.0007	0.2062	0.7287	0.0019	0.0030	0.0014	0.0004
E28G1M1	BSH-low-2	Turmeric	Female	C57BL/6 Ret+/-	69	6.32	2	7.62	0.0073	0.0046	0.0126	0.0006	0.0025	0.2617	0.0242	0.5395	0.0211	0.0790	0.0464	0.0006
E15G3M2	BSH-low-2	Turmeric	Female	C57BL/6 Ret+/-	93	6.57	2	7.95	0.0077	0.0000	0.0006	0.0651	0.0004	0.0195	0.0841	0.4431	0.3687	0.0090	0.0013	0.0006
E28G1M2	BSH-low-2	Turmeric	Female	C57BL/6 Ret+/-	69	6.43	2	8.11	0.0082	0.0009	0.0039	0.0014	0.0255	0.0984	0.0909	0.2454	0.5019	0.0093	0.0140	0.0002
E18G2M2	BSH-low-1	Turmeric	Female	C57BL/6 Ret+/-	43	4.88	2	8.17	0.0167	0.0000	0.0007	0.0132	0.0313	0.0173	0.2491	0.0039	0.6284	0.0303	0.0088	0.0004
E28G2M3	BSH-low-2	Turmeric	Male	C57BL/6 Ret+/-	78	6.40	2	8.19	0.0145	0.0026	0.0012	0.0183	0.0870	0.0256	0.3925	0.0112	0.0593	0.1329	0.2529	0.0020
E28G2M1	BSH-low-2	Turmeric	Male	C57BL/6 Ret+/-	78	6.35	2	8.29	0.0012	0.0145	0.0072	0.0024	0.0060	0.1409	0.3301	0.0156	0.0501	0.2862	0.1447	0.0012
E28G3M2	BSH-low-1	Turmeric	Male	C57BL/6 Ret+/-	70	4.52	2	8.40	0.0000	0.0048	0.0000	0.0047	0.0032	0.0086	0.0315	0.6437	0.1672	0.0730	0.0627	0.0005
E28G1M3	BSH-low-2	Turmeric	Female	C57BL/6 Ret+/-	69	6.30	2	8.41	0.0000	0.0010	0.0073	0.0044	0.0018	0.0043	0.3051	0.1694	0.2828	0.1682	0.0549	0.0008
E15G2M2	BSH-low-2	Turmeric	Female	C57BL/6 Ret+/-	97	6.73	2	8.62	0.0000	0.0008	0.0000	0.0014	0.0050	0.0011	0.2276	0.0911	0.4786	0.1919	0.0021	0.0003
E15G2M5	BSH-low-2	Turmeric	Female	C57BL/6 Ret+/-	97	6.60	2	8.65	0.0000	0.0012	0.0007	0.0023	0.0115	0.1762	0.1847	0.0024	0.0056	0.6071	0.0076	0.0007
E15G2M1	BSH-low-2	Turmeric	Female	C57BL/6 Ret+/-	97	6.75	2	8.68	0.0000	0.0005	0.0000	0.0014	0.0059	0.0152	0.0031	0.2389	0.7314	0.0034	0.0002	0.0000
E28G2M2	BSH-low-2	Turmeric	Male	C57BL/6 Ret+/-	78	6.75	2	9.05	0.0000	0.0009	0.0004	0.0044	0.0052	0.0084	0.0364	0.4255	0.0217	0.3720	0.1243	0.0008
E15G2M3	BSH-low-2	Turmeric	Female	C57BL/6 Ret+/-	97	6.67	2	9.07	0.0000	0.0000	0.0000	0.0018	0.0041	0.0047	0.0744	0.0163	0.6953	0.1366	0.0662	0.0005
E18G1M3	BSH-low-1	Turmeric	Male	C57BL/6 Ret+/-	42	6.00	2	9.10	0.0000	0.0000	0.0003	0.0019	0.0161	0.0113	0.1347	0.2166	0.0489	0.4507	0.1180	0.0015
E15G2M4	BSH-low-2	Turmeric	Female	C57BL/6 Ret+/-	97	6.63	2	10.19	0.0000	0.0007	0.0009	0.0013	0.0015	0.0127	0.0185	0.0059	0.0000	0.6242	0.3328	0.0015
E7G3M3	BSH-high-2	Turmeric	Male	C57BL/6 Ret+/-	48	6.48	2	7.89	0.0000	0.0000	0.0000	0.0083	0.0149	0.0024	0.7234	0.0050	0.0000	0.0430	0.2024	0.0006
E18G4M1	BSH-high-1	Turmeric	Female	C57BL/6 Ret+/-	46	4.30	2	8.01	0.0000	0.0049	0.0051	0.0022	0.0053	0.0020	0.2772	0.3365	0.3604	0.0054	0.0010	0.0000
E11G4M3	BSH-high-2	Turmeric	Male	C57BL/6 Ret+/-	55	5.30	2	8.05	0.0000	0.0005	0.0009	0.0009	0.0011	0.0325	0.0038	0.8311	0.1228	0.0053	0.0005	0.0005
E11G5M2	BSH-high-2	Turmeric	Female	C57BL/6 Ret+/-	55	4.85	2	8.10	0.0000	0.0008	0.0006	0.0019	0.0008	0.0047	0.0208	0.8461	0.1088	0.0131	0.0019	0.0006
E18G3M1	BSH-high-1	Turmeric	Male	C57BL/6 Ret+/-	49	4.37	2	8.13	0.0000	0.0005	0.0002	0.0007	0.0072	0.0036	0.2482	0.3297	0.4066	0.0013	0.0015	0.0004
E18G3M2	BSH-high-1	Turmeric	Male	C57BL/6 Ret+/-	49	3.92	2	8.22	0.0000	0.0003	0.0031	0.0227	0.0013	0.0341	0.0085	0.6290	0.2163	0.0616	0.0230	0.0000
E7G3M4	BSH-high-2	Turmeric	Female	C57BL/6 Ret+/-	48	6.38	2	8.23	0.0000	0.0000	0.0000	0.0020	0.0014	0.0056	0.3340	0.0760	0.5775	0.0032	0.0003	0.0000
E18G4M2	BSH-high-1	Turmeric	Female	C57BL/6 Ret+/-	46	4.38	2	8.42	0.0000	0.0000	0.0002	0.0176	0.0079	0.0752	0.0334	0.1704	0.6925	0.0011	0.0016	0.0000
E11G4M2	BSH-high-2	Turmeric	Male	C57BL/6 Ret+/-	55	5.32	2	8.82	0.0000	0.0006	0.0033	0.0035	0.0008	0.0062	0.0064	0.1722	0.7426	0.0600	0.0041	0.0004
E7G3M2	BSH-high-2	Turmeric	Male	C57BL/6 Ret+/-	90	6.50	2	8.98	0.0000	0.0000	0.0000	0.0137	0.0000	0.0011	0.0036	0.5880	0.0000	0.1445	0.2406	0.0085
E7G3M1	BSH-high-2	Turmeric	Male	C57BL/6 Ret+/-	90	6.43	2	9.69	0.0000	0.0000	0.0000	0.0045	0.0075	0.0279	0.0590	0.0015	0.0008	0.8483	0.0506	0.0000